StartChar: eight-ar.dnom
Encoding: 65925 -1 442
Width: 543
GlyphClass: 2
LayerCount: 2
Back
Refer: 44 1640 N 0.7 0 0 0.7 5.65562 0 2
Fore
Refer: 44 1640 N 0.7 0 0 0.7 5.65562 0 2
EndChar
