StartChar: two-persian.dnom
Encoding: 65932 -1 449
Width: 543
VWidth: 1433
GlyphClass: 2
LayerCount: 2
Back
Refer: 46 1778 N 0.7 0 0 0.7 -9.67905 0 2
Fore
Refer: 46 1778 N 0.7 0 0 0.7 -9.67905 0 2
EndChar
