StartChar: two-persian.numr
Encoding: 65927 -1 444
Width: 543
GlyphClass: 2
LayerCount: 2
Back
Refer: 449 -1 N 1 0 0 1 -0.000334087 0 2
Fore
Refer: 449 -1 N 1 0 0 1 -0.000334087 0 2
EndChar
